S = [
1 6 1 1 1 2 1 1 0 0 2 0 0 5 3 4 0 0 0 0 0 0 0 0 0 1 0 1 0 0 0 4 5 1 3 0 0 0 0 0 1 1 2 1 1 0 2 0 0 0 ;
6 10 5 1 1 0 0 2 0 2 2 3 0 4 0 0 0 0 3 0 0 0 0 0 0 0 0 1 0 0 1 3 9 3 4 0 0 0 1 0 1 2 0 0 2 1 1 0 1 0 ;
1 2 2 1 0 0 0 0 0 0 1 0 0 2 2 1 0 0 0 0 0 0 0 0 0 1 0 2 0 0 0 1 2 2 1 0 0 0 0 0 0 1 0 0 0 0 0 0 0 0 ;
0 0 0 1 0 0 0 0 0 0 0 0 0 0 0 0 0 0 0 0 0 0 0 0 0 0 0 1 0 0 0 0 0 1 0 0 0 0 0 0 0 0 0 0 0 0 0 0 1 0 ;
0 0 0 0 0 0 0 0 0 0 0 0 0 0 0 0 0 0 0 0 0 0 0 0 0 0 0 0 0 0 0 0 0 0 0 0 0 0 0 0 0 0 0 0 0 0 0 0 0 0 ;
0 0 0 0 0 0 0 0 0 0 0 0 0 0 0 0 0 0 0 0 0 0 0 0 0 0 0 0 0 0 0 0 0 0 0 0 0 0 0 0 0 0 0 0 0 0 0 0 0 0 ;
0 0 0 0 0 0 0 0 0 0 0 0 0 0 0 0 0 0 0 0 0 0 0 0 0 0 0 0 0 0 0 0 0 0 0 0 0 0 0 0 0 0 0 0 0 0 0 0 0 0 ;
1 1 0 0 0 0 0 0 0 0 1 0 0 0 1 1 0 0 0 0 0 0 0 0 0 0 0 0 0 0 0 0 0 0 0 0 0 0 0 0 0 0 0 0 0 0 0 0 1 0 ;
5 3 5 2 0 0 0 10 0 3 4 1 0 2 2 3 0 0 0 2 1 0 0 0 3 4 0 1 0 1 0 4 7 0 0 0 0 0 4 0 0 4 6 2 1 3 1 3 2 1 ;
5 4 0 9 0 3 5 4 0 1 4 1 0 8 1 9 0 0 0 0 3 0 0 0 3 1 0 5 0 2 1 5 8 3 3 0 0 0 1 0 0 2 10 0 1 0 6 3 0 2 ;
8 83 83 10 2 7 5 83 0 80 2 80 79 3 1 16 0 0 0 0 1 0 0 0 4 5 0 2 0 2 2 9 3 4 1 0 0 1 2 0 0 3 4 0 1 2 1 1 4 0 ;
7 135 138 5 2 9 0 145 0 134 4 128 127 5 2 15 0 0 1 3 1 0 0 0 6 11 0 2 0 1 3 4 2 4 0 0 0 0 3 0 0 7 4 1 1 3 3 2 3 2 ;
9 38 40 3 4 5 1 37 0 37 1 37 38 2 0 12 0 1 0 1 0 0 0 0 6 3 0 4 0 0 1 8 2 2 0 0 0 0 0 0 0 4 0 1 1 2 0 5 1 1 ;
8 10 10 1 0 6 3 12 0 11 3 10 9 2 0 20 0 1 1 1 1 0 0 0 1 4 0 1 0 1 1 0 5 3 0 0 0 0 10 4 0 5 6 0 5 0 2 0 0 12 ;
112 12 12 70 87 90 12 11 18 9 2 9 8 65 0 10 0 0 0 57 2 13 0 0 11 9 14 8 0 57 5 5 7 7 56 56 55 8 3 5 4 5 2 4 1 2 2 5 0 10 ;
121 23 8 50 85 54 26 7 32 6 4 5 5 49 0 11 2 0 0 29 5 27 0 0 28 31 31 17 0 29 11 25 20 15 27 25 25 4 12 2 4 8 0 8 10 5 3 23 0 12 ;
106 10 8 41 50 53 27 7 39 6 4 5 5 36 1 10 5 2 0 19 8 30 2 0 32 22 11 20 0 25 3 18 18 7 18 18 16 6 5 0 1 13 4 6 14 8 15 18 1 9 ;
75 15 3 40 71 35 47 11 33 1 9 3 1 14 2 4 4 0 2 9 52 41 0 0 7 14 54 30 4 17 14 3 21 12 9 9 8 9 9 9 4 5 0 3 11 9 5 2 0 14 ;
83 7 10 43 42 35 39 9 32 5 6 6 4 18 1 15 2 0 1 10 27 25 0 0 17 8 9 10 19 11 3 17 5 7 10 8 8 8 7 2 1 1 3 1 5 11 1 16 28 7 ;
61 9 4 32 32 5 32 6 26 5 2 3 2 10 3 17 0 0 0 4 14 17 0 0 13 6 3 7 20 4 2 11 4 7 3 3 3 8 6 3 2 11 5 0 4 4 3 11 14 3 ;
40 6 5 30 17 7 29 6 18 3 0 4 2 4 0 17 0 0 0 3 14 12 0 0 3 7 10 6 15 2 4 2 4 5 2 2 2 0 2 0 0 6 5 0 4 3 3 2 10 0 ;
32 2 2 19 16 11 17 3 21 1 2 1 1 4 0 18 0 0 0 6 4 5 0 0 6 3 6 5 12 4 5 0 6 3 3 3 3 7 10 3 0 10 7 0 3 0 2 0 6 0 ;
58 9 4 24 19 12 26 3 15 2 3 4 3 6 2 21 2 0 3 4 5 6 2 0 18 6 6 5 10 4 3 25 7 8 4 4 4 8 6 2 1 16 15 7 4 3 3 15 7 1 ;
148 27 26 70 28 30 47 8 38 12 11 8 9 7 4 16 5 4 1 47 30 18 1 0 17 21 16 18 34 5 15 12 10 22 3 1 1 32 15 44 10 5 21 9 16 14 25 3 4 6 ;
81 4 19 29 26 34 24 7 19 3 12 1 2 5 2 12 2 4 3 18 27 4 2 0 4 8 6 11 14 6 8 3 8 16 2 2 2 17 8 15 12 4 7 4 6 14 6 0 10 7 ;
82 7 5 42 23 18 32 6 33 7 14 3 2 6 0 9 0 7 3 15 15 14 0 0 13 15 9 8 25 6 5 1 4 13 4 5 4 8 16 11 11 3 7 1 3 10 8 0 3 10 ;
67 155 159 42 21 12 37 14 27 10 162 3 3 3 152 8 155 154 153 14 9 10 152 151 11 11 12 12 23 5 11 4 3 9 1 0 0 7 3 13 4 4 3 2 7 9 7 0 6 5 ;
55 139 144 27 10 6 23 7 19 7 78 4 3 4 76 6 74 73 74 5 18 13 72 71 11 11 10 14 13 1 68 3 3 6 0 0 0 7 7 10 66 2 6 63 9 5 8 0 4 2 ;
];